432,184,4621384368
433,186,4608033786
438,190,4602341648
308,60,4597556150
428,180,4585981600
436,189,4583901760
432,185,4582198596
442,194,4580373332
438,189,4579422130
433,184,4570449540
432,183,4567040388
433,187,4558272615
430,182,4548351870
437,190,4546131210
438,191,4543968592
430,184,4542286606
428,181,4541362400
435,189,4532451920
433,185,4531263768
431,182,4530402522
439,190,4528297008
439,192,4526879916
431,184,4524119028
437,189,4523211692
441,194,4523163408
430,180,4522926768
429,182,4522428110
440,193,4517845794
429,184,4516708398
433,183,4516704515
442,193,4515458572
428,179,4511169147
442,195,4507516797
439,189,4505746230
431,180,4505254864
430,185,4503925569
443,194,4498909911
429,180,4496743200
426,180,4496010693
437,191,4488471090
430,183,4487724396
431,185,4485757991
427,180,4483159829
429,185,4478563377
430,181,4478047760
439,193,4475917116
443,196,4470314496
439,191,4469923952
431,183,4469775048
429,183,4462146188
426,178,4460837104
425,180,4460789529
431,181,4460375856
441,193,4458248648
426,181,4452391895
429,181,4452124000
441,195,4451216868
430,179,4449570087
427,178,4448200688
427,181,4439541031
443,193,4435149681
444,197,4433035145
431,179,4432184801
426,177,4427648100
443,195,4426053376
425,178,4425298436
429,179,4423386519
426,179,4420983792
425,181,4417512435
427,177,4415105700
427,179,4408347376
422,174,4406145156
422,175,4399898475
443,197,4397796942
425,177,4392109432
425,179,4385762628
423,174,4369983177
320,72,4365769232
423,175,4363736496
422,172,4360917568
446,197,4354085988
448,198,4338342318
445,197,4335416595
422,173,4326032028
423,172,4325413091
420,174,4312325124
447,198,4310370132
420,175,4306226683
421,174,4301582916
421,175,4295484475
448,197,4295444262
422,171,4294031616
423,173,4290527551
447,197,4267472076
420,172,4266054272
449,198,4262297136
448,199,4262140180
423,171,4259071692
421,172,4255512128
420,170,4246453256
421,170,4236076808
447,199,4234659320
419,174,4233938832
420,173,4232011932
419,175,4227951244
449,200,4226314112
421,173,4221469788
449,197,4220151024
418,170,4200745913
420,171,4199002624
420,169,4189329958
421,171,4188626176
419,172,4187037440
449,199,4186094998
450,202,4183104714
416,169,4179673252
421,169,4179093094
419,170,4166543498
450,201,4165391394
417,170,4161374070
418,171,4154188207
419,173,4153625640
449,202,4145542056
418,169,4143153700
452,202,4139450010
414,168,4128206882
449,201,4127828736
415,168,4124274200
452,201,4122072610
419,171,4119985792
452,204,4115435796
417,171,4115252730
450,203,4113570976
419,169,4109420200
417,169,4103781857
451,202,4103775230
451,201,4086397830
451,204,4080365484
453,202,4078544778
449,203,4076632704
414,169,4071939278
452,203,4069311804
415,169,4068006596
453,201,4061423058
453,204,4053840228
413,168,4037322302
414,166,4036212876
451,203,4034241492
415,166,4032379722
414,167,4023730554
415,167,4019897400
452,206,4014946470
453,203,4008406572
452,205,4007070189
454,206,4006745589
454,205,3998990380
413,169,3982293458
451,206,3980799612
451,205,3972923331
414,165,3953341688
453,206,3953229830
415,165,3949587236
453,205,3945474621
413,166,3945046356
452,207,3940426910
413,167,3932845974
454,207,3931217241
412,164,3917569440
455,206,3916993290
455,205,3909411800
451,207,3906913836
413,164,3894198512
412,165,3885546096
455,208,3881458554
453,207,3878710270
413,165,3862175168
410,164,3856661193
455,207,3841464942
412,163,3833426340
411,164,3829677390
410,165,3825356304
456,209,3815481824
413,163,3810557382
410,162,3802991892
411,165,3798372501
455,209,3789511136
409,164,3783335215
411,162,3776600959
410,163,3771925223
409,165,3752625520
411,163,3745534290
409,162,3729061980
410,161,3723986700
458,209,3704157240
457,209,3701663889
409,163,3698599245
411,161,3698144025
409,161,3650056788
459,210,3645626380
460,212,3626426765
459,209,3622525720
460,211,3594370000
459,212,3593826665
459,211,3561769900
336,88,3547585822
407,158,3541664928
461,212,3538358260
407,159,3528921600
460,213,3528380055
461,211,3507080000
459,213,3496661355
406,156,3449710702
406,157,3448327292
461,213,3440311550
407,156,3428761922
407,157,3427378512
404,156,3380106524
404,157,3378760389
406,154,3362418048
405,156,3356760697
462,216,3356495935
405,157,3355414562
406,155,3348643936
407,154,3342083008
461,216,3329609700
407,155,3328308896
404,154,3291728629
403,156,3287916208
403,157,3286606788
404,155,3278336852
406,153,3277411128
463,216,3269786091
405,154,3269085708
462,217,3265485704
407,153,3257590188
405,155,3255693931
461,217,3239328480
404,153,3206132919
463,218,3202608620
403,154,3199161722
403,155,3186146536
405,153,3184078788
463,217,3178775860
466,216,3158841126
463,219,3117901302
403,153,3113566012
466,218,3090233951
467,216,3081559530
466,217,3067355949
467,218,3012375947
466,219,3005087869
467,217,2990074353
344,94,2988812160
401,150,2965645289
401,151,2956421809
467,219,2927229865
401,149,2869404288
398,150,2851439572
398,151,2842596332
467,222,2819590862
398,149,2754925976
397,150,2744633600
467,223,2739186999
397,151,2736121600
396,149,2656186029
397,149,2648120004
395,148,2569818740
395,149,2551952620
394,147,2480936856
395,147,2470965528
393,147,2383149708
394,144,2368672428
395,144,2359192380
393,144,2270471964
394,143,2259162360
395,143,2250120600
393,142,2166320352
393,143,2160961896
392,141,2082385500
393,141,2067046800
390,141,1974491607
391,141,1970396340
388,141,1866711693
389,141,1862828007
387,141,1758078938
249,218,1691928635
249,217,1679445717
357,110,1640052696
249,219,1606489405
248,218,1525241870
248,217,1513988754
358,110,1513642134
249,222,1490092772
273,248,1466383732
274,248,1451672904
248,219,1439802640
384,136,1437183180
385,136,1435937682
384,137,1434995964
385,137,1433750466
249,223,1409413815
271,248,1379529720
272,248,1377118485
384,135,1327045500
385,135,1325895450
383,136,1324585380
383,137,1322569524
248,222,1322363105
249,226,1305735346
273,249,1296661711
274,249,1283653542
269,248,1267686612
270,248,1267366176
248,223,1241684148
383,135,1214447700
271,249,1209510528
380,136,1208785725
272,249,1207396464
380,137,1206948141
249,227,1206536852
268,248,1153037952
248,226,1136108644
249,230,1098918656
380,135,1098525825
269,249,1097624433
270,249,1097346984
379,136,1095305175
379,137,1093640103
248,227,1036910150
249,232,996855090
249,231,992789710
379,135,985045275
268,249,982975773
263,248,950650536
248,230,928217279
249,233,894876906
262,248,825492816
248,232,825454707
248,231,822088333
263,249,779906172
365,118,738777774
259,248,732272240
248,233,723476523
249,238,671290627
262,249,654748452
366,118,622233633
258,248,615807836
249,239,562285508
259,249,560335454
255,248,507392952
248,238,498783796
258,249,443871050
377,126,413836540
366,136,410349770
366,137,409726250
365,125,395876200
254,248,394157808
248,239,389778677
230,10,388221644
249,244,335272423
255,249,335190768
366,134,301498180
366,135,300038654
376,125,299830290
377,125,298282920
239,11,298026490
354,147,297768693
383,118,295882080
245,6,295074780
365,136,294068207
365,137,293621375
251,248,287518734
475,262,283733593
365,127,281250738
365,126,280467900
232,10,280344090
231,10,279230692
366,125,278943100
230,11,262347412
249,246,225585480
249,245,224315636
254,249,221955624
366,132,188881888
366,133,188174480
358,140,186660672
238,11,186112568
358,141,185178624
365,134,184650970
365,135,183757091
375,125,183581310
245,3,182334656
243,6,180760677
244,6,180535410
401,98,180243576
362,136,179742645
362,137,179469765
392,106,179280864
388,110,178888356
380,118,178675198
389,110,178518204
383,116,178449375
393,106,177962112
383,117,177813750
234,10,176941875
233,10,175627050
354,144,175391976
353,147,174658998
231,17,174070200
249,247,173741700
483,262,173541816
250,248,172658970
397,97,172611036
231,18,172595750
463,276,171221776
239,10,170855886
489,250,168718680
238,6,167029346
369,125,165848650
495,244,165440940
486,254,165259202
485,254,164564543
366,127,163991256
365,128,163608992
366,126,163534800
248,244,162601120
478,262,161072064
406,92,159895076
482,258,159080496
407,92,158929416
467,277,156551139
475,263,156160563
227,21,155623472
227,22,154968528
217,31,154958188
232,11,153967950
217,32,153713558
231,11,153356460
471,273,152439075
471,274,150922260
223,26,149416710
222,22,147444584
252,249,115685400
251,249,114952095
494,247,113968404
493,247,113827032
430,69,95030020
431,69,94665840
430,68,93625700
431,68,93261520
190,59,92572264
189,59,92105432
190,60,91356936
189,60,90890104
321,176,87863842
402,95,86619486
320,176,86407202
321,177,86292264
403,95,85983374
402,94,85421986
320,177,84835624
403,94,84785874
180,63,82577992
337,160,82057185
336,160,81579960
179,63,81271715
337,161,81246375
416,81,81200715
180,64,81196962
336,161,80769150
416,80,80215749
179,64,79890685
417,81,79760620
465,278,79116345
465,277,78976515
466,278,78815445
417,80,78775654
466,277,78675615
349,148,77106788
349,149,76576764
348,148,76274968
408,89,75923160
348,149,75744944
409,89,75093180
424,73,75070016
408,88,74725170
424,72,74052048
409,88,73895190
425,73,73766080
232,15,73655229
484,260,73622140
480,264,73591440
232,16,73589014
483,260,73513998
477,265,73445580
339,158,73442278
484,259,73428418
231,15,73363883
430,313,73361152
483,259,73320276
231,16,73297668
478,265,73217040
479,264,73217040
339,159,73182382
480,263,73080540
477,266,73037640
429,313,72946784
478,266,72809100
425,72,72748112
479,263,72706140
338,158,72591785
430,314,72447966
338,159,72331889
367,130,72280470
204,41,72209335
367,131,72201405
366,130,72056829
429,314,72033598
366,131,71977764
418,77,71857152
364,132,71728734
418,76,71722456
365,132,71595412
364,133,71460592
203,41,71415265
365,133,71327270
419,77,71274072
419,76,71139376
359,138,71010567
204,42,71008715
359,139,70988157
386,111,70302660
358,138,70302411
358,139,70280001
203,42,70214645
345,152,70052624
387,111,70027750
386,110,69936361
491,252,69818940
363,134,69743248
362,134,69673072
428,69,69664668
387,110,69661451
344,152,69577712
363,135,69406257
345,153,69399232
491,251,69392504
492,252,69376576
362,135,69336081
221,25,69129396
458,285,68950409
492,251,68950140
344,153,68924320
457,285,68904182
222,25,68861772
458,286,68838491
457,286,68792264
428,68,68654844
221,26,68520816
429,69,68334564
222,26,68253192
368,129,68056910
369,129,68051947
426,319,67998810
368,128,67966867
369,128,67961904
390,107,67691832
341,154,67662077
340,154,67571280
391,107,67552486
351,146,67491280
425,319,67455762
243,4,67412779
243,3,67405749
341,155,67388160
244,4,67329122
429,68,67324740
244,3,67322092
236,12,67312250
340,155,67297363
390,106,67276682
178,71,67258829
350,146,67235708
235,12,67234920
391,106,67137336
374,123,67061940
351,147,67032264
404,93,66996771
224,21,66960275
374,122,66934755
375,123,66915295
404,92,66892305
375,122,66788110
350,147,66776692
236,11,66774455
488,256,66763008
177,71,66756657
487,256,66732822
235,11,66697125
224,22,66678975
488,255,66665430
487,255,66635244
405,93,66537272
373,124,66482988
405,92,66432806
426,320,66380886
372,124,66345188
371,127,66276288
373,125,66230814
376,121,66211522
376,120,66205321
452,291,66168585
223,21,66104775
371,126,66093014
372,125,66093014
246,1,66053196
196,49,66046519
370,127,66044784
355,142,66034196
178,72,65874523
355,143,65873912
377,121,65870467
377,120,65864266
370,126,65861510
246,2,65860308
399,96,65859000
425,320,65837838
223,22,65823475
398,96,65737200
399,97,65710375
430,309,65698805
245,1,65695464
451,291,65606695
446,297,65595660
398,97,65588575
245,2,65502576
218,29,65493352
452,292,65458575
446,298,65455390
195,49,65407034
378,119,65386296
177,72,65372351
218,30,65365636
429,309,65337061
445,297,65315965
379,119,65274120
354,142,65260896
445,298,65175695
494,250,65126782
354,143,65100612
378,118,65050452
493,250,65045505
217,29,65010380
196,50,64946266
379,118,64938276
442,55,64919580
451,292,64896685
217,30,64882664
208,39,64818403
208,40,64816102
229,17,64770384
230,17,64735296
430,310,64591947
241,5,64488468
486,257,64356297
242,5,64344203
195,50,64306781
429,310,64230203
229,18,64222048
241,6,64217384
230,18,64186960
486,258,64166060
207,39,64154181
207,40,64151880
485,257,64086174
242,6,64073119
474,269,64000260
474,270,63984390
384,113,63980521
385,113,63925499
473,269,63920910
473,270,63905040
485,258,63895937
443,55,63792025
200,45,63556546
384,112,63545042
442,54,63509875
385,112,63490020
215,31,63421848
216,31,63291536
472,271,63164112
472,272,63055674
450,293,63042494
432,65,63009816
199,45,62963148
215,32,62913488
234,13,62835480
216,32,62783176
200,46,62776629
240,8,62629656
240,7,62590416
234,14,62583192
471,271,62548948
449,293,62478672
450,294,62455994
471,272,62440510
443,54,62382320
233,13,62372295
239,8,62353668
433,65,62332272
239,7,62314428
323,172,62222587
199,46,62183231
462,281,62149542
233,14,62120007
322,172,62116586
481,261,62044480
482,261,61986096
462,282,61975620
449,294,61892172
432,64,61811016
323,173,61728447
469,273,61665644
461,281,61652521
322,173,61622446
470,273,61616515
461,282,61478599
481,262,61462608
490,253,61429095
482,262,61404224
236,9,61257165
426,317,61248220
214,31,61207398
235,9,61186655
433,64,61133472
469,274,61052541
470,274,61003412
489,253,60992113
329,166,60947547
490,254,60929687
328,166,60910597
236,10,60885385
213,31,60879173
235,10,60814875
381,116,60784451
425,317,60766640
329,167,60759841
328,167,60722891
214,32,60716788
380,116,60692086
381,117,60568508
489,254,60492705
380,117,60476143
213,32,60388563
356,140,60310523
426,318,60301975
396,101,60294514
418,325,60277776
388,108,60128000
397,101,60113564
388,109,60004480
389,108,60003840
420,319,59955495
357,140,59930871
317,178,59908905
220,25,59893855
389,109,59880320
396,100,59850364
382,114,59846226
356,141,59834684
425,318,59820395
382,115,59734798
417,325,59715669
383,114,59689726
418,326,59681739
397,100,59669414
383,115,59578298
357,141,59455032
237,9,59441430
317,179,59380825
220,26,59366580
238,9,59302724
219,25,59296495
316,178,59288250
390,104,59253231
347,150,59164412
346,150,59131762
391,104,59131062
417,326,59119632
468,273,59100060
352,142,59089434
237,10,59080670
224,24,59050880
390,105,58983573
347,151,58981572
346,151,58948922
352,143,58944882
238,10,58941964
419,319,58898832
224,23,58861440
391,105,58861404
353,142,58855488
360,136,58836690
219,26,58769220
316,179,58760170
360,137,58747698
353,143,58710936
381,114,58699014
438,59,58660952
361,136,58617918
380,114,58609984
381,115,58589722
361,137,58528926
468,274,58512465
380,115,58500692
420,320,58457257
412,83,58380720
467,273,58374435
223,24,58295680
448,51,58156450
399,99,58144640
223,23,58106240
398,99,58037120
413,83,58034311
399,98,58006400
412,82,57976460
438,58,57956022
398,98,57898880
467,274,57786840
439,59,57736012
400,96,57683400
172,71,57651594
413,82,57630051
400,97,57553225
410,85,57534386
401,96,57414795
419,320,57400594
401,97,57284620
410,84,57271613
449,51,57163225
351,145,57143860
411,85,57135813
335,162,57093960
439,58,57031082
356,138,57014818
356,139,56996758
351,144,56992449
350,145,56927471
334,162,56901576
411,84,56873040
171,71,56787731
350,144,56776060
448,50,56770650
357,138,56656026
357,139,56637966
335,163,56632372
315,180,56497356
334,163,56439988
172,72,56404348
480,261,55991360
432,61,55951701
315,181,55950912
314,180,55941624
449,50,55777425
479,261,55707200
420,75,55636658
192,55,55552445
171,72,55540485
421,75,55500914
454,289,55488488
480,262,55466256
314,181,55395180
476,267,55340058
433,61,55332908
192,56,55331401
454,290,55316512
479,262,55182096
475,267,55111341
432,60,55054735
476,268,55046331
240,5,54973776
420,74,54961473
225,21,54953605
191,55,54859033
226,21,54855430
421,74,54825729
475,268,54817614
453,289,54750784
240,6,54742688
239,5,54732392
225,22,54722745
191,56,54637989
226,22,54624570
453,290,54578808
239,6,54501304
433,60,54435942
331,166,54256832
228,17,54226368
331,167,54091224
227,17,53865792
330,166,53772396
228,18,53767296
378,116,53733846
392,104,53713050
379,116,53641514
330,167,53606788
378,117,53542989
311,186,53495010
392,105,53468100
379,117,53450657
227,18,53406720
474,267,53339572
208,37,53336875
393,104,53319750
473,267,53273792
393,105,53074800
474,268,53055288
394,103,53041560
473,268,52989508
311,187,52927668
395,103,52831064
208,38,52818125
207,37,52795625
186,59,52709153
394,102,52624572
310,186,52583238
404,90,52512570
404,91,52488810
360,134,52424968
395,102,52414076
207,38,52276875
361,134,52230976
360,135,52172340
405,90,52152012
333,164,52130947
405,91,52128252
352,145,52109980
434,59,52019550
310,187,52015896
186,60,52003629
361,135,51978348
352,144,51971907
248,246,51936690
353,145,51903709
185,59,51852986
353,144,51765636
332,164,51764449
333,165,51710770
248,245,51644333
246,0,51471277
422,75,51418810
434,58,51411175
332,165,51344272
373,123,51333744
435,59,51291825
225,19,51272520
373,122,51236388
472,269,51229367
372,123,51227344
472,270,51216648
245,0,51192518
226,19,51181440
185,60,51147462
495,246,51132289
372,122,51129988
490,252,51014115
423,75,51005505
225,20,50982168
212,33,50950119
476,265,50941101
226,20,50891088
495,245,50853530
212,34,50825940
422,74,50793285
464,278,50777496
475,265,50731734
471,269,50730561
471,270,50717842
490,251,50702534
464,277,50687752
228,19,50686878
435,58,50683450
476,266,50658158
488,253,50651221
489,252,50651221
487,253,50628474
374,121,50562225
374,120,50557500
237,8,50553885
454,287,50548800
237,7,50522145
211,33,50502958
371,124,50457008
375,121,50451450
475,266,50448791
375,120,50446725
238,8,50435918
238,7,50404178
228,20,50401260
423,74,50379980
211,34,50378779
227,19,50346960
489,251,50339640
463,278,50324232
370,124,50280944
371,125,50265224
488,254,50236485
463,277,50234488
368,127,50232212
369,127,50228544
487,254,50213738
454,288,50140200
368,126,50092828
369,126,50089160
370,125,50089160
241,4,50072268
241,3,50067058
227,20,50061342
491,250,50031612
422,319,50028055
234,12,50019720
242,4,49960253
242,3,49955043
243,1,49909635
453,287,49882200
244,1,49847874
382,113,49808121
243,2,49763277
492,250,49712670
386,108,49706640
244,2,49701516
383,113,49677871
233,12,49651005
234,11,49619625
386,109,49604929
396,99,49572110
387,108,49511650
453,288,49473600
382,112,49469992
396,98,49454390
397,99,49422235
387,109,49409939
383,112,49339742
397,98,49304515
233,11,49250910
438,303,49135988
421,319,48876135
422,320,48806681
486,256,48671232
486,255,48600064
438,304,48568322
437,303,48546850
485,256,48466944
154,87,48452736
485,255,48395776
170,79,48361640
214,33,48239532
214,34,48122595
432,309,48109200
376,119,48044500
437,304,47979184
213,33,47978757
213,34,47861820
376,118,47799000
377,119,47797000
169,79,47692800
421,320,47654761
377,118,47551500
170,80,47424160
432,310,47315370
325,172,47285245
153,87,47273216
431,309,47118675
436,305,47049632
154,88,46933952
325,173,46916345
452,47,46788180
169,80,46755320
367,129,46555150
435,305,46527838
392,103,46520172
454,43,46507440
367,128,46493555
436,306,46490990
324,172,46452245
462,279,46425876
366,129,46411105
170,73,46385460
484,257,46384380
448,295,46379556
366,128,46349510
431,310,46324845
483,257,46316270
484,258,46246690
393,103,46179540
483,258,46178580
392,102,46157130
453,47,46122660
324,173,46083345
447,295,46083040
462,280,46062744
461,279,46057504
435,306,45969196
393,102,45816498
448,296,45786524
169,73,45777688
170,74,45771000
153,88,45754432
461,280,45694372
452,46,45636795
364,130,45634596
364,131,45584616
365,130,45549868
394,101,45540495
456,285,45539632
455,43,45503970
365,131,45499888
447,296,45490008
456,286,45465664
442,299,45452880
395,101,45358335
384,111,45267556
455,285,45230896
385,111,45228360
454,42,45224040
218,27,45220896
394,100,45206370
169,74,45163228
455,286,45156928
388,107,45096000
178,69,45063808
384,110,45031902
395,100,45024210
389,107,45002880
385,110,44992706
453,46,44971275
218,28,44970912
442,300,44965800
343,154,44942920
212,35,44897700
441,299,44892738
217,27,44889264
342,154,44871574
388,106,44820000
343,155,44761266
177,69,44731136
389,106,44726880
342,155,44689920
217,28,44639280
212,36,44622690
178,70,44556704
211,35,44502695
441,300,44405658
192,53,44323686
329,168,44316041
328,168,44289091
211,36,44227685
177,70,44224032
455,42,44220570
359,136,44175120
363,132,44148126
359,137,44108304
362,132,44103870
363,133,43983088
362,133,43938832
309,188,43817008
191,53,43779582
358,136,43735248
329,169,43714517
328,169,43687567
358,137,43668432
465,275,43617020
192,54,43590690
466,275,43452120
308,188,43427112
232,13,43385295
465,276,43280915
231,13,43214377
232,14,43209807
466,276,43116015
191,54,43046586
231,14,43038889
339,156,42953887
309,189,42952456
339,157,42936842
308,189,42562560
338,156,42456660
204,43,42441047
338,157,42439615
204,44,42402272
446,295,42308320
285,212,42218361
445,295,42130242
410,87,42043815
313,182,42011590
203,43,41966441
410,86,41943330
203,44,41927666
460,283,41913274
343,152,41782492
446,296,41763864
411,87,41753250
342,152,41716786
458,283,41709668
457,283,41682080
464,279,41659002
411,86,41652765
445,296,41585786
459,283,41537314
406,90,41528454
406,91,41509534
312,182,41466267
313,183,41460397
343,153,41390120
460,284,41355118
464,280,41336064
220,27,41330016
342,153,41324414
463,279,41287134
407,90,41277764
407,91,41258844
200,47,41159772
458,284,41149196
285,213,41123391
457,284,41121608
220,28,41103840
200,48,41025612
459,284,40979158
284,212,40965444
463,280,40964196
312,183,40915074
219,27,40914144
456,287,40800344
199,47,40770708
210,35,40700523
219,28,40687968
199,48,40636548
455,287,40523288
456,288,40472783
210,36,40449009
210,37,40449009
209,35,40446183
455,288,40195727
209,36,40194669
209,37,40194669
210,38,40058079
303,194,40009833
481,260,39912760
482,260,39875202
284,213,39870474
481,259,39807682
209,38,39803739
482,259,39770124
302,194,39441120
303,195,39385478
410,335,39109836
196,51,38875746
440,301,38873640
302,195,38816765
196,52,38757108
327,168,38619430
439,301,38519000
195,51,38492961
206,41,38474400
440,302,38433200
205,41,38400340
195,52,38374323
409,335,38338094
293,206,38321640
326,168,38288550
347,148,38137484
346,148,38116584
327,169,38094910
439,302,38078560
410,336,38040523
347,149,37872472
346,149,37851572
206,42,37835920
326,169,37764030
205,42,37761860
345,150,37761018
434,307,37725480
345,151,37644258
293,207,37635192
292,206,37592100
444,299,37562797
344,150,37505814
190,57,37459863
344,151,37389054
295,198,37374354
434,308,37372320
189,57,37274061
409,336,37268781
443,299,37265240
438,55,37227630
433,307,37202760
444,300,37163457
202,45,37142884
182,63,37123614
201,45,36987164
430,65,36970965
418,79,36943618
292,207,36905652
443,300,36865900
294,198,36857217
433,308,36849600
190,58,36844329
431,65,36826683
295,199,36724755
202,46,36689006
189,58,36658527
419,79,36646273
418,78,36643968
439,55,36628170
181,63,36563736
201,46,36533286
182,64,36512124
438,54,36442512
419,78,36346623
229,15,36277780
430,64,36270315
230,15,36258145
229,16,36245055
230,16,36225420
294,199,36207618
431,64,36126033
198,47,36108941
198,48,35990121
181,64,35952246
439,54,35843052
197,47,35754309
468,275,35651781
197,48,35635489
355,140,35599304
410,329,35500704
468,276,35379432
426,69,35375274
355,141,35318432
427,69,35276058
467,275,35209656
354,140,35185704
156,87,35140428
341,156,35063040
341,157,35049145
340,156,35015797
340,157,35001902
467,276,34937307
194,51,34924580
354,141,34904832
426,68,34863930
409,329,34850448
194,52,34816940
158,87,34788684
427,68,34764714
414,83,34554145
415,83,34521775
410,330,34467288
193,51,34432380
193,52,34324740
414,82,34313445
415,82,34281075
155,87,34148022
156,88,34070035
409,330,33817032
158,88,33762006
477,264,33709638
157,87,33705288
333,162,33646890
478,264,33604744
477,263,33475148
332,162,33412260
333,163,33373945
478,263,33370254
414,81,33321249
301,196,33297225
415,81,33289815
332,163,33139315
155,88,33077629
444,297,33005819
444,298,32934937
414,80,32917443
415,80,32886009
300,196,32806050
301,197,32769420
443,297,32744922
408,87,32724471
157,88,32678610
443,298,32674040
408,86,32647128
409,87,32360997
409,86,32283654
300,197,32278245
412,85,31807566
305,190,31790385
412,84,31661280
413,85,31619700
413,84,31473414
426,313,31430032
305,191,31388445
304,190,31358745
425,313,31189968
426,314,31027776
304,191,30956805
293,204,30947735
425,314,30787712
292,204,30373560
293,205,30160550
331,164,30119023
446,51,30029340
331,165,29874544
330,164,29852286
150,93,29675118
330,165,29607807
292,205,29586375
447,51,29447022
448,47,29386200
446,50,29327652
458,37,29180580
449,47,28866816
149,93,28752571
447,50,28745334
448,46,28688864
469,271,28637544
470,271,28614768
150,94,28596368
469,272,28587936
470,272,28565160
458,36,28560180
459,37,28544340
202,43,28491723
202,44,28465398
201,43,28372383
201,44,28346058
436,307,28332655
404,337,28231020
449,46,28169480
436,308,28070401
435,307,28014662
459,36,27923940
412,331,27860616
435,308,27752408
149,94,27673821
403,337,27491475
404,338,27457635
166,81,27348840
412,332,27287904
411,331,27240276
249,19,27160068
215,29,27069360
460,281,27032930
215,30,27016290
216,29,27013850
410,333,26985035
216,30,26960780
460,282,26956670
166,82,26898408
305,192,26822853
165,81,26791872
459,281,26791130
403,338,26718090
459,282,26714870
440,303,26681510
411,332,26667564
303,192,26579075
305,193,26526753
409,333,26465005
304,192,26453997
439,303,26435308
440,304,26376104
410,334,26353740
165,82,26341440
303,193,26281575
402,93,26215098
302,192,26205500
402,92,26174526
304,193,26157897
439,304,26129902
403,93,26019882
403,92,25979310
302,193,25908000
460,33,25840551
409,334,25833710
442,51,25588825
275,226,25572561
184,63,25444420
461,33,25204146
297,196,25199734
183,63,25146120
443,51,25130250
460,32,25064325
184,64,25030220
311,184,25023018
442,50,25014225
249,18,24967397
311,185,24812285
297,197,24787951
183,64,24731920
274,226,24680565
275,227,24631488
296,196,24601761
310,184,24600116
443,50,24555650
461,32,24427920
310,185,24389383
321,174,24355170
321,175,24320835
296,197,24189978
186,61,24112647
309,186,24049698
320,174,23951970
320,175,23917635
186,62,23899590
472,248,23884116
221,24,23866101
308,186,23838006
309,187,23790216
221,23,23788845
222,24,23773707
274,227,23739492
185,61,23715666
222,23,23696451
308,187,23578524
185,62,23502609
248,19,23491221
474,248,23360652
307,190,23239680
319,176,23234274
349,146,23216750
318,176,23195412
337,158,23180570
335,160,23135904
337,159,23097578
334,160,23058720
349,147,23058250
289,208,23051444
336,158,23046240
348,146,22968000
336,159,22963248
307,191,22950608
295,202,22909404
335,161,22905960
306,190,22863388
166,79,22854928
334,161,22828776
319,177,22811688
348,147,22809500
318,177,22772826
249,11,22757504
294,202,22579333
306,191,22574316
295,203,22539622
289,209,22525230
288,208,22444422
165,79,22398860
166,80,22394340
454,41,22368880
174,71,22340316
454,39,22236501
294,203,22209551
160,87,22200810
442,301,22180100
454,40,22092420
173,71,21943314
165,80,21938272
442,302,21931929
288,209,21918208
441,301,21903801
455,41,21872540
174,72,21865590
473,248,21837707
455,39,21736924
325,170,21694230
441,302,21655630
455,40,21596080
454,38,21592931
159,87,21584220
160,88,21563820
249,21,21527697
164,83,21521720
173,72,21468588
325,171,21457170
324,170,21316230
475,248,21312648
248,18,21298550
414,325,21285810
404,343,21269244
178,67,21171306
455,38,21093354
324,171,21079170
414,326,21067632
163,83,21066210
164,84,21037797
177,67,21018530
327,170,20992727
159,88,20947230
420,323,20944328
413,325,20826270
326,170,20810391
472,249,20802135
327,171,20765325
152,93,20741391
178,68,20695064
403,343,20662922
424,71,20637456
413,326,20608092
326,171,20582989
163,84,20582287
419,323,20561936
404,344,20552524
177,68,20542288
424,70,20535456
420,324,20421688
180,67,20373760
425,71,20274064
466,33,20238824
406,89,20193540
425,70,20172064
407,89,20071640
474,249,20063736
151,93,20047038
179,67,20043840
419,324,20039296
152,94,20012641
478,248,19997654
403,344,19946202
180,68,19922880
249,20,19882332
406,88,19876830
467,33,19769288
407,88,19754930
470,21,19753617
297,198,19750215
179,68,19592960
466,32,19575256
281,218,19563624
249,10,19450816
297,199,19415220
151,94,19318288
296,198,19273770
323,174,19130397
467,32,19105720
323,175,19103474
322,174,19097546
322,175,19070623
281,219,19069296
471,21,19068145
470,20,18962422
296,199,18938775
280,218,18929460
289,206,18897984
482,248,18848869
248,21,18841944
473,249,18755726
438,57,18716310
428,313,18657792
438,56,18549850
289,207,18546588
468,21,18480054
280,219,18435132
428,314,18424224
439,57,18417610
288,206,18409590
408,337,18317838
471,20,18276950
439,56,18251150
427,313,18249696
248,11,18152288
464,27,18072802
288,207,18058194
427,314,18016128
475,249,18015732
277,222,17941154
479,248,17886966
408,338,17841740
407,337,17841306
400,95,17804640
468,20,17772444
416,325,17740464
401,95,17721732
469,21,17666766
416,326,17563392
400,94,17559640
460,35,17515926
464,26,17511648
401,94,17476732
277,223,17456593
407,338,17365208
465,27,17338596
415,325,17275440
276,222,17203802
248,20,17196579
293,202,17185675
484,248,17153004
249,23,17144856
144,99,17105088
415,326,17098368
461,35,17095716
460,34,17062182
414,329,17059302
469,20,16959156
293,203,16904225
292,202,16872050
317,180,16818420
465,26,16777442
486,248,16772166
276,223,16719241
413,329,16679682
317,181,16657452
316,180,16642632
461,34,16641972
404,341,16634405
292,203,16590600
414,330,16584264
394,353,16558371
478,249,16525052
316,181,16481664
143,99,16363095
144,100,16356865
176,71,16343664
315,182,16337088
413,330,16204644
403,341,16175992
314,182,16174820
483,248,16154567
315,183,16124874
404,342,16080726
184,61,16080708
176,72,16004752
314,183,15962606
426,71,15950918
175,71,15948992
184,62,15936242
427,71,15906406
183,61,15893878
426,70,15870668
393,353,15856695
427,70,15826156
299,196,15782370
183,62,15749412
249,22,15715069
394,354,15681276
403,342,15622313
143,100,15614872
175,72,15610080
162,87,15562750
298,196,15538866
299,197,15528453
285,208,15519980
448,49,15286536
298,197,15284949
161,87,15235850
248,23,15184275
285,209,15148020
448,48,15131700
162,88,15125600
448,293,15100344
284,208,15080360
450,291,15077315
449,49,15019092
447,293,15004710
393,354,14979600
448,294,14958594
449,291,14943930
450,292,14914145
449,48,14864256
447,294,14862960
414,327,14859296
248,10,14845600
418,323,14819906
161,88,14798700
449,292,14780760
284,209,14708400
438,305,14693546
417,323,14685219
482,249,14645488
414,328,14565252
170,77,14561100
248,7,14549984
413,327,14535176
438,306,14521199
437,305,14515312
418,324,14443216
479,249,14414364
485,248,14370984
169,77,14364810
437,306,14342965
417,324,14308529
413,328,14241132
432,63,14199828
170,78,14193090
313,184,14126200
432,62,14074164
433,63,14044176
426,315,14012544
313,185,14008800
169,78,13996800
312,184,13940400
433,62,13918512
425,315,13904128
312,185,13823000
426,316,13788544
248,22,13754488
425,316,13680128
420,321,13671909
488,248,13600980
420,322,13535829
419,321,13424778
487,248,13394322
419,322,13288698
279,222,13075158
424,319,12986136
430,311,12944673
429,311,12872177
430,312,12834944
429,312,12762448
423,319,12758040
279,223,12732639
484,249,12689832
278,222,12681966
424,320,12674664
423,320,12446568
404,339,12385146
150,99,12377600
278,223,12339447
301,194,12313920
300,194,12135150
301,195,12118990
404,340,12104670
403,339,12051564
206,39,11960949
206,40,11960520
483,249,11951186
149,99,11950000
300,195,11940220
205,39,11937926
205,40,11937497
150,100,11897200
403,340,11771088
442,53,11608025
486,249,11563263
470,248,11560572
442,52,11499919
149,100,11469600
443,53,11401936
398,343,11400977
146,109,11307636
162,83,11303820
443,52,11293830
444,51,11116440
161,83,11077792
162,84,11044154
319,178,11033104
318,178,11014308
397,343,10995208
398,344,10975657
319,179,10936016
318,179,10917220
248,6,10897568
445,51,10877680
444,50,10862264
434,61,10848252
471,248,10819548
161,84,10818126
435,61,10698951
146,110,10683780
434,60,10672398
145,109,10650816
445,50,10623504
397,344,10569888
435,60,10523097
142,109,10453527
489,248,10306860
168,79,10264320
470,249,10164429
478,21,10074828
450,47,10071072
168,80,10062558
145,110,10026960
167,79,10011672
249,27,9972720
485,249,9907812
141,109,9903180
451,47,9886316
450,46,9827785
167,80,9809910
142,110,9805579
451,46,9643029
479,21,9595436
478,20,9591638
154,93,9538767
287,208,9425724
471,249,9423405
249,26,9373860
452,43,9289080
153,93,9285597
394,347,9265428
141,110,9255232
286,208,9220694
154,94,9212517
287,209,9204736
453,43,9151464
479,20,9112246
470,23,9074850
420,77,9066945
420,76,9049810
421,77,9044865
388,353,9039264
452,42,9036540
421,76,9027730
285,210,8999706
286,209,8999706
248,27,8963460
153,94,8959347
393,347,8919396
453,42,8898924
394,348,8859780
285,211,8800938
471,23,8774274
284,210,8738520
398,345,8671729
470,22,8661861
474,21,8644112
387,353,8554624
284,211,8539752
393,348,8513748
388,354,8483904
398,346,8382301
248,26,8364600
471,22,8361285
397,345,8351136
198,49,8347818
488,249,8311710
474,20,8268552
197,49,8265562
269,230,8264242
475,21,8263304
198,50,8210124
487,249,8185419
194,53,8174412
484,19,8157474
197,50,8127868
283,212,8074716
397,346,8061708
193,53,8058852
194,54,8041140
387,354,7999264
193,54,7925580
282,212,7923826
475,20,7887744
269,231,7865676
283,213,7858886
458,39,7843716
268,230,7832062
282,213,7707996
484,18,7681632
459,39,7677908
485,19,7661184
412,329,7657047
458,38,7604636
411,329,7491412
412,330,7438974
459,38,7438828
268,231,7433496
452,289,7421040
452,290,7397730
451,289,7358220
451,290,7334910
411,330,7273339
430,67,7218470
430,66,7194735
468,23,7191180
431,67,7190392
485,18,7185342
431,66,7166657
148,99,7050500
136,109,6976808
492,248,6945855
469,23,6888500
468,22,6877690
380,357,6833799
263,232,6830912
147,99,6794676
148,100,6767064
162,85,6708639
470,27,6671392
275,220,6665400
170,75,6624750
469,22,6575010
161,85,6571341
169,75,6536783
162,86,6536355
170,76,6525530
147,100,6511240
135,109,6497240
471,27,6465056
274,220,6458200
136,110,6454392
470,26,6440720
263,233,6439488
169,76,6437563
466,31,6427696
440,55,6419370
161,86,6399057
275,221,6383600
291,206,6364800
422,73,6358854
164,81,6358216
262,232,6348672
441,55,6336648
423,73,6307112
440,54,6281772
467,31,6273520
422,72,6273328
379,357,6271937
164,82,6251320
290,206,6250496
291,207,6248576
466,30,6248352
255,232,6238010
471,26,6234384
163,81,6225906
423,72,6221586
380,358,6202056
441,54,6199050
269,226,6189066
384,357,6187636
274,221,6176400
290,207,6134272
163,82,6119010
467,30,6094176
135,110,5974824
262,233,5957248
150,97,5944488
269,227,5933304
268,226,5894226
472,21,5877735
271,226,5840902
482,19,5839589
255,233,5759850
383,357,5754476
149,97,5747792
254,232,5709540
384,358,5697328
150,98,5693696
379,358,5640194
268,227,5638464
472,20,5633850
473,21,5613402
271,227,5610279
281,216,5608944
270,226,5580739
452,45,5569236
482,18,5519010
149,98,5497000
483,19,5495763
453,45,5488020
452,44,5482080
281,217,5459616
180,65,5447310
280,216,5431968
466,248,5424076
180,66,5411780
453,44,5400864
456,39,5399020
473,20,5369517
179,65,5359675
270,227,5350116
179,66,5324145
280,217,5282640
460,37,5276378
383,358,5264168
457,39,5244345
456,38,5239170
254,233,5231380
483,18,5175184
390,349,5164626
460,36,5161698
467,248,5155144
461,37,5152548
386,357,5137476
390,353,5090238
457,38,5084495
461,36,5037868
489,249,5017590
275,222,4979208
390,350,4964394
389,349,4917426
259,232,4884480
138,109,4862324
466,249,4850293
275,223,4838964
389,353,4823838
274,222,4817592
390,354,4793868
385,357,4793718
295,200,4775865
267,232,4767840
386,358,4757622
389,350,4717194
294,200,4708614
274,223,4677348
295,201,4667724
154,91,4661208
354,347,4635400
140,109,4612440
294,201,4600473
467,249,4581361
259,233,4564224
476,19,4545072
153,91,4541898
137,109,4538312
389,354,4527468
267,233,4523200
138,110,4522500
258,232,4519872
266,232,4519240
154,92,4495281
488,11,4467124
92,87,4415400
385,358,4413864
142,101,4411264
153,92,4375971
486,11,4336416
476,18,4333959
139,109,4318034
492,11,4312594
140,110,4310656
477,19,4295781
266,233,4274600
142,102,4223824
141,101,4221712
258,233,4199616
137,110,4198488
434,309,4152480
283,216,4133064
190,55,4130733
190,56,4114089
189,55,4110327
433,309,4094400
189,56,4093683
434,310,4084920
477,18,4084668
282,216,4050904
489,11,4039936
141,102,4034272
406,337,4028682
433,310,4026840
283,217,4025216
139,110,4016250
488,10,3974610
136,107,3953388
487,11,3943728
282,217,3943056
405,337,3924312
406,338,3921176
486,10,3901608
405,338,3816806
493,11,3780868
492,10,3719430
136,108,3708546
135,107,3698472
98,93,3601378
494,248,3592512
390,351,3590751
489,10,3547422
146,139,3529089
487,10,3508920
135,108,3453630
493,248,3451140
273,224,3448045
400,345,3435771
390,352,3416421
389,351,3411951
354,348,3408440
227,222,3363976
471,466,3353805
272,224,3335000
353,347,3327100
400,346,3325767
471,464,3305468
273,225,3296475
399,345,3295897
389,352,3237621
493,10,3187704
399,346,3185893
272,225,3183430
408,335,3169514
366,357,3149820
402,343,3145912
462,33,3135444
227,220,3124640
416,79,3100914
407,335,3089360
408,336,3081111
416,78,3076214
463,33,3058380
417,79,3045244
401,343,3044536
462,32,3038880
402,344,3036792
267,258,3031353
417,78,3020544
407,336,3000957
225,220,2999529
19,10,2983386
463,32,2961816
142,105,2957712
473,468,2946500
401,344,2935416
469,464,2864184
239,232,2833947
141,105,2818779
146,105,2799940
142,106,2783175
418,415,2759012
43,40,2752998
92,88,2744238
249,31,2735436
134,117,2718328
90,87,2688478
326,323,2687118
145,105,2653090
146,106,2651110
141,106,2644242
178,175,2631328
146,140,2627316
225,222,2619458
91,87,2610438
247,0,2607363
136,117,2606875
96,93,2602080
249,30,2600928
470,464,2598172
495,247,2590191
356,353,2584047
356,351,2574444
322,319,2565843
145,139,2555874
267,228,2530080
430,427,2523618
365,357,2520369
145,106,2504260
248,31,2488728
51,48,2488200
172,73,2479312
469,466,2469318
366,358,2458809
266,258,2458443
227,223,2450592
172,74,2446972
171,73,2441340
471,467,2431377
133,117,2423208
18,10,2422652
285,282,2415356
266,228,2411430
134,118,2409568
478,19,2409274
171,74,2409000
226,220,2401074
267,229,2397570
267,259,2389491
263,258,2372607
55,52,2366260
135,117,2356615
248,30,2354220
136,118,2339200
257,252,2313326
19,11,2309702
470,466,2309229
360,357,2304172
429,426,2298578
98,94,2293878
478,18,2290872
479,19,2288858
266,229,2278920
471,465,2270905
226,222,2253488
70,67,2252227
170,167,2238468
350,347,2216100
362,357,2204475
227,221,2191882
297,294,2183015
97,93,2175680
239,233,2174531
263,260,2172936
479,18,2170456
177,174,2164932
221,218,2161984
65,62,2145997
417,414,2138440
325,322,2133794
238,232,2133614
251,246,2129760
133,118,2114448
353,348,2100140
47,44,2092128
135,118,2088940
425,422,2080176
52,49,2075502
189,186,2070300
74,71,2069208
494,249,2065392
56,53,2061450
426,423,2060317
66,63,2038659
455,452,2037184
321,318,2031744
417,415,2030410
231,226,2026368
340,337,2023560
44,41,2021784
473,470,2017302
205,202,2012610
177,175,2006664
429,427,2003634
311,308,2002679
231,224,1987596
312,309,1985436
493,249,1984115
89,86,1976250
376,359,1951920
465,462,1949560
325,323,1948791
281,276,1945680
39,36,1937061
11,6,1936036
126,117,1933758
13,10,1931086
376,367,1930588
43,41,1918209
472,468,1916470
269,224,1915923
224,220,1909543
410,407,1884215
255,252,1879290
358,353,1865470
473,469,1854220
321,319,1848483
69,66,1844280
275,272,1842240
279,274,1842232
162,159,1841696
82,79,1841508
491,249,1835352
355,351,1834392
225,221,1834286
468,464,1829808
365,358,1829358
268,224,1828983
223,218,1826253
269,225,1824981
456,453,1823040
154,151,1822566
266,259,1816581
434,431,1813736
190,187,1808701
495,490,1808324
251,247,1806120
269,262,1792302
255,238,1789240
443,440,1785104
195,192,1784286
27,22,1778880
73,70,1769493
61,58,1765236
196,193,1763916
51,49,1758900
332,329,1758816
376,360,1757520
169,166,1750767
18,11,1748968
19,16,1746822
388,357,1744470
268,225,1738041
95,92,1737639
209,206,1736601
375,359,1733760
142,139,1731620
469,465,1723698
89,87,1722500
356,352,1718004
27,24,1712750
62,59,1704780
229,224,1697388
188,59,1695192
81,78,1686060
444,441,1679400
286,283,1678318
184,181,1676960
339,336,1676646
188,60,1672824
201,198,1672325
116,111,1671824
187,59,1671096
277,274,1669070
55,53,1667250
60,57,1665534
276,273,1664385
439,436,1661310
491,488,1659792
436,433,1656280
145,140,1654101
435,432,1650207
235,232,1649922
187,60,1648728
134,127,1644897
265,262,1644592
183,180,1644354
293,290,1641497
307,304,1640500
387,357,1639620
409,406,1632015
48,45,1630104
298,295,1629378
213,210,1624320
388,358,1623240
219,214,1622277
59,56,1614320
281,214,1614240
440,437,1609391
372,359,1605737
33,30,1605438
9,2,1602640
255,239,1595556
308,305,1591232
254,238,1587684
376,369,1584360
294,291,1577478
281,278,1569828
188,185,1567824
280,214,1565080
95,93,1565001
263,259,1563633
470,465,1563609
257,253,1561382
104,101,1560010
394,391,1558375
281,215,1558040
225,223,1557739
289,286,1553596
80,77,1551333
376,368,1550340
125,117,1548660
494,1,1547273
256,252,1546524
461,458,1546380
375,367,1543960
210,207,1540665
375,360,1539360
126,118,1537848
148,145,1536700
102,99,1532492
424,421,1527544
467,462,1522044
387,358,1518390
492,249,1516410
69,67,1512930
230,224,1510014
280,215,1508880
462,459,1507744
318,315,1506944
220,217,1506589
493,490,1502460
285,283,1499746
103,100,1497730
262,258,1497177
303,300,1496720
187,184,1495372
199,196,1494171
317,314,1491490
304,301,1490720
273,226,1490580
114,111,1490450
200,197,1488132
76,73,1487536
464,461,1485478
305,302,1483944
469,467,1482942
306,303,1480608
20,17,1480232
302,299,1477848
229,226,1477212
301,298,1476158
238,233,1474198
65,63,1473941
75,72,1471264
355,353,1470936
226,221,1468316
433,430,1465052
404,401,1464330
198,195,1458464
171,168,1452360
197,194,1449252
163,160,1449250
11,8,1447852
231,225,1445898
28,25,1445220
361,357,1444660
138,107,1444575
272,226,1439464
445,442,1438200
438,435,1437920
7,2,1435825
182,179,1435210
15,10,1434410
273,227,1433744
17,10,1433322
110,105,1432420
206,203,1429920
437,434,1428406
169,167,1426409
108,105,1423872
253,250,1421310
144,101,1417770
161,158,1416910
346,343,1415417
451,448,1413676
425,423,1413209
463,460,1410816
358,355,1408323
250,246,1408240
181,178,1406616
214,211,1405833
452,449,1404380
483,478,1403752
362,358,1403010
148,143,1401068
297,295,1399966
372,360,1399457
457,454,1399225
172,169,1398489
231,227,1396800
254,239,1394000
194,191,1392887
165,162,1388103
193,190,1387421
470,467,1386801
272,227,1382628
166,163,1377640
149,146,1376865
371,359,1374436
396,347,1368408
150,147,1367790
296,293,1364562
454,451,1362930
202,199,1362180
138,108,1360725
144,102,1360260
230,226,1357056
137,107,1353900
143,101,1353456
411,408,1349250
164,161,1345940
226,223,1340104
153,150,1338616
315,312,1338176
405,402,1335600
271,224,1334000
189,187,1333635
268,262,1331142
311,309,1328733
222,218,1323712
436,59,1323660
442,439,1320312
395,347,1315462
219,216,1315364
351,348,1312577
113,110,1312164
396,348,1310816
349,346,1310638
436,58,1307960
437,59,1306480
295,292,1305989
333,330,1304550
316,313,1302828
73,71,1301868
136,111,1300278
11,7,1298332
143,102,1295946
494,3,1295395
173,170,1295136
83,80,1293311
47,45,1291584
269,263,1290882
437,58,1290780
223,219,1290731
278,274,1289080
212,209,1288380
221,219,1287330
279,275,1286936
280,276,1286936
406,403,1285920
38,35,1284465
359,357,1279252
270,224,1277282
271,225,1273372
314,311,1273170
137,108,1270050
474,471,1264356
441,438,1258086
395,348,1257870
403,400,1254464
349,347,1247988
133,127,1243867
10,6,1236854
134,128,1230050
9,4,1229580
8,2,1217725
263,261,1217448
453,450,1216959
205,203,1216756
270,225,1216654
360,355,1213967
26,22,1213290
407,404,1213108
124,113,1213088
281,277,1212432
334,331,1211420
494,490,1210315
247,242,1207710
215,212,1207136
136,112,1205077
135,111,1203666
234,231,1202040
455,453,1200960
185,182,1200222
446,443,1198553
120,117,1197036
9,3,1193940
112,109,1193504
372,367,1192950
21,18,1192601
495,491,1191581
358,354,1191295
450,447,1191160
269,266,1190718
376,370,1189574
375,369,1189248
290,287,1188483
378,375,1187920
267,264,1187908
357,353,1185235
174,171,1183626
313,310,1176264
338,335,1168354
371,360,1168156
155,152,1167142
29,26,1165962
218,214,1165311
375,368,1163712
465,463,1160148
40,37,1160094
282,279,1156200
39,37,1155921
268,265,1154751
125,118,1152750
408,405,1149084
481,478,1146223
233,228,1145988
413,410,1145760
34,31,1144836
412,409,1134840
116,112,1130440
186,183,1127196
395,392,1125657
211,208,1124739
339,337,1122156
473,471,1121526
423,420,1121464
484,11,1120273
466,462,1119960
16,10,1115235
228,224,1114344
356,354,1114212
488,17,1111505
382,365,1111494
327,324,1111440
284,281,1111355
135,112,1108465
331,328,1103660
84,81,1098090
13,2,1095600
204,201,1091553
79,76,1091200
37,34,1089795
229,225,1088472
136,133,1088010
309,306,1084680
250,247,1084600
27,23,1083750
115,111,1082296
328,325,1082175
414,411,1078668
388,351,1076253
433,431,1074184
101,98,1072184
467,463,1068552
310,307,1066819
402,399,1064664
112,107,1063734
224,222,1062900
106,101,1060960
449,446,1060644
393,390,1059746
370,365,1056621
274,271,1053864
143,140,1052128
419,416,1051278
217,212,1050462
409,407,1049545
22,19,1048590
64,61,1047666
63,60,1047584
85,82,1039632
161,159,1039390
96,94,1038330
192,189,1036575
106,103,1035475
488,16,1035464
17,11,1034748
195,193,1034586
331,329,1034160
378,369,1033182
61,59,1032831
485,11,1030568
489,17,1028861
12,10,1028738
360,358,1025869
241,238,1024929
378,365,1023781
81,79,1023060
124,114,1021873
387,351,1021498
388,352,1021263
292,289,1020948
443,441,1019520
484,10,1016939
123,113,1009515
341,338,1007503
153,151,1004856
236,233,999600
71,68,999120
5,0,989898
468,466,987502
382,366,986340
381,365,985218
246,242,981720
15,8,980800
147,143,980476
151,148,979050
420,417,978690
7,4,978075
355,352,977952
135,132,976620
23,20,976001
180,177,974988
13,4,973440
350,348,969108
230,225,968316
90,88,967356
387,352,966508
255,253,965550
141,138,963164
14,10,963022
477,474,962628
337,334,962328
483,479,958440
262,260,956376
7,3,953925
489,16,952820
6,2,952345
219,215,952092
487,484,951200
277,275,950086
209,207,949365
109,105,946776
18,15,946576
275,273,945744
402,397,945664
167,164,945360
448,445,941074
490,5,940797
91,88,939276
201,199,939220
183,181,939060
148,144,938960
335,332,937746
345,342,935714
208,205,934452
482,478,934136
59,57,932982
15,12,929005
485,10,927234
354,351,927220
141,139,926024
364,359,923594
179,176,923214
140,107,922410
247,244,922240
15,11,921766
12,2,918900
493,0,917784
284,282,916769
265,254,915390
254,252,914525
110,106,914221
13,3,912600
435,433,910860
77,74,907205
439,437,906249
13,11,903114
32,29,902700
340,338,902426
300,297,901131
264,262,899376
307,305,899300
274,272,897408
472,470,896679
27,25,894660
126,123,892177
19,17,892164
79,77,887964
388,385,884835
33,31,880929
377,365,880759
50,47,876720
220,218,875567
378,366,875314
140,108,872100
86,83,871448
213,211,868608
97,94,868180
249,29,866976
139,107,866745
134,131,866626
235,233,864850
495,3,864780
494,2,862295
46,43,862136
289,287,861366
423,421,860152
491,489,860124
381,366,860064
15,6,857920
377,374,857591
360,356,857084
319,316,855848
18,16,855456
281,279,853620
458,455,853364
233,230,853125
421,418,853084
293,291,852978
490,487,850450
58,55,850425
147,145,848360
490,3,848317
118,115,848300
126,119,846300
42,39,837984
368,359,837900
454,452,837336
362,359,837090
42,40,836178
410,408,835625
265,260,834839
8,4,833175
288,285,833120
54,51,832923
359,355,832727
377,369,831060
187,185,830888
30,27,830027
268,263,829722
133,128,829020
393,391,826795
378,370,826101
472,469,824190
36,33,820556
223,220,819695
82,80,819451
396,393,819180
9,5,819030
26,24,818896
154,152,818553
123,114,818300
372,369,816551
139,108,816435
170,168,813176
249,28,812592
101,99,812552
8,3,809025
460,457,808670
142,140,806344
358,356,804756
162,160,803165
247,240,802370
46,44,801536
490,488,800355
372,368,799590
204,202,796773
256,253,794580
447,444,794476
375,370,794462
467,464,793848
461,459,793496
371,367,793320
323,320,793254
229,227,791901
160,157,791264
464,462,790211
292,290,789402
222,219,788190
208,206,788103
490,4,787287
234,232,785778
232,228,785700
12,4,784960
76,74,784876
248,29,784740
296,294,784062
13,5,783040
104,102,782560
38,36,781971
379,376,780780
11,9,780283
107,105,779904
491,5,779418
103,101,778180
445,443,777852
457,455,776642
495,1,774592
494,0,773318
317,315,772772
264,254,772254
74,72,768384
191,188,767901
403,401,766745
442,440,766528
156,153,766440
492,490,766224
175,172,761390
329,326,761040
345,343,760733
265,255,760536
172,170,759456
352,349,758622
243,238,758160
212,210,756480
438,436,755940
199,197,755244
314,312,755160
460,458,753665
302,300,751328
15,9,751000
194,192,750771
300,298,749573
427,424,749325
277,218,748713
436,434,746360
303,301,746240
113,111,746200
265,263,745872
216,212,745584
192,190,745521
304,302,745360
114,112,744900
224,221,744300
492,15,742309
306,304,742050
397,394,741888
70,68,740370
434,432,740316
326,324,739728
198,196,739704
305,303,739431
184,182,738840
188,186,737670
106,102,737200
233,229,737100
493,491,736848
241,236,736800
12,3,735900
318,316,734944
252,250,734550
14,8,734000
200,198,733860
278,275,733784
60,58,733338
377,366,732292
394,392,732265
50,48,730600
248,28,730356
196,194,730296
418,416,730068
181,179,729624
277,219,728595
72,69,727936
230,227,727488
301,299,727406
112,108,727216
294,292,725466
332,330,725400
32,30,725220
479,476,722064
368,365,721160
102,100,720616
276,218,719985
316,314,719719
197,195,719712
276,274,719678
203,200,719510
322,320,718641
111,107,718487
217,213,718242
280,278,716902
16,11,716661
462,460,715264
451,449,714058
255,250,713048
247,243,712800
328,326,710640
347,344,708747
490,1,708035
25,22,706563
182,180,706293
137,134,705990
369,365,704220
440,438,704173
75,73,703616
450,448,700340
54,52,700245
392,353,699915
276,219,699867
164,162,699612
370,366,699564
404,402,698250
246,240,696350
463,461,696256
481,476,695976
87,84,693243
308,306,692990
288,286,692912
259,256,692028
452,450,691311
165,163,689502
3,0,689388
468,465,689322
148,146,688975
149,147,688975
166,164,688820
262,259,688203
253,251,687350
368,360,686700
15,7,686560
228,226,685938
14,6,685160
218,216,684042
437,435,682840
13,8,682620
58,56,682525
150,148,679450
490,2,678737
180,178,678024
310,308,675073
491,3,674428
64,62,673147
62,60,673056
126,121,671416
367,359,671020
215,213,669256
464,248,669165
493,15,668926
10,8,668150
424,422,668024
492,14,667035
466,463,666468
186,184,665616
4,0,665028
391,353,664941
67,64,664534
80,78,664020
358,351,661504
392,354,661200
444,442,660960
389,386,658790
5,1,658203
312,310,657882
420,418,657628
270,267,656981
336,333,656897
346,344,655297
128,125,652281
373,370,650844
401,397,650752
128,113,650302
105,101,649648
426,424,648445
406,404,648128
174,172,647703
117,114,647500
163,161,647020
108,106,644544
398,395,644460
364,360,643874
361,358,643195
193,191,642817
402,398,642816
415,412,639936
171,169,639912
126,120,638575
405,403,638400
118,111,636671
152,149,635341
125,119,634375
263,228,633070
219,217,631981
334,332,631890
246,244,629848
486,483,628474
269,267,627978
111,109,626886
146,143,626696
391,354,626226
178,176,626046
491,4,625908
84,82,623994
377,370,623979
431,428,623979
456,454,623160
412,410,620928
465,248,618380
264,255,617400
29,27,614789
337,335,613272
119,117,613032
363,359,610722
384,381,609679
357,355,604164
21,19,603942
464,249,603750
377,375,601648
481,479,599807
10,7,599150
263,229,596472
266,264,595788
121,118,595188
12,5,594560
493,14,593652
494,491,593572
262,228,593340
267,265,592644
210,208,592395
20,18,589186
36,34,586895
378,376,586768
261,258,585750
120,118,584496
476,473,584486
265,261,584131
315,313,583828
408,406,583569
168,165,582930
243,234,582350
492,7,581280
295,293,581274
16,13,580450
333,331,580125
106,104,578158
401,399,576216
128,114,573587
378,363,570471
264,260,570151
448,446,569361
133,130,567936
127,113,567825
112,110,567112
247,241,566580
66,64,566069
407,405,566046
57,54,563732
120,115,563346
268,266,563238
364,355,562780
291,288,560560
262,229,556742
100,97,556605
338,336,555588
441,439,554596
280,277,553688
414,412,553278
465,249,552965
387,384,552660
28,26,551670
135,133,550242
239,236,547232
480,478,546897
370,363,546807
115,112,540912
214,212,538356
136,134,538230
488,485,537359
173,171,536544
211,209,532885
243,240,532224
378,355,532208
490,0,531860
108,103,531450
23,21,530596
259,254,526669
491,1,526640
453,451,526347
413,411,525888
241,239,525366
430,428,521397
367,360,519820
144,141,519601
313,311,518940
147,144,518368
26,23,518160
376,373,516856
411,409,514500
261,254,513972
14,7,513800
243,239,512512
477,475,512160
357,354,511060
228,225,505428
491,2,504848
14,9,504200
242,238,503984
37,35,503435
358,352,502384
377,363,500733
222,220,500550
240,238,499986
35,32,499690
378,364,499199
283,280,498940
7,5,496125
466,464,495132
218,215,495126
432,429,494946
378,356,494801
354,352,494320
88,85,494088
263,230,493632
449,447,491790
127,114,491110
374,371,489837
402,400,488872
482,479,488824
240,236,488600
377,355,488474
246,243,486810
49,46,486243
129,126,485408
487,485,485200
483,476,485100
493,7,485040
241,237,484600
118,112,484120
267,262,483721
132,123,483559
492,6,483360
6,4,482355
357,351,478312
190,188,476393
359,356,475844
15,13,475475
83,81,474677
486,17,472276
254,250,472164
117,111,471086
6,3,470445
255,251,469224
13,9,468906
72,70,468872
392,389,466958
364,356,466735
486,484,466400
242,234,466260
243,235,466070
391,388,465988
263,231,465744
12,8,463512
110,107,463078
185,183,462168
480,476,461728
390,387,461370
262,230,460752
246,241,460560
159,156,459012
422,419,458954
157,154,457805
105,103,457744
86,84,455124
14,12,453915
362,360,453690
387,385,452620
98,95,451758
377,356,451067
53,50,450965
476,474,450856
14,11,450378
124,121,448592
125,121,448592
363,355,448020
481,477,448004
125,123,447740
126,122,447304
217,214,447069
22,20,445794
126,124,444804
486,16,442288
133,131,439416
487,17,438340
232,230,436125
366,363,436044
368,363,435360
380,365,434655
353,351,433270
262,231,432864
388,386,432586
134,125,432532
495,2,431680
68,65,431408
245,238,431294
400,397,429598
377,364,429461
116,113,428705
109,106,428577
134,132,427569
378,361,426894
125,120,426650
396,394,425088
117,115,425000
202,200,424204
118,116,423640
8,5,422625
446,444,421972
239,234,418038
233,231,417375
156,154,417240
85,83,416712
352,350,414534
216,213,413364
159,157,412847
370,364,410303
369,363,409964
128,121,409920
244,241,409705
371,369,408444
372,370,408444
487,16,408352
24,22,405108
227,224,400392
371,368,399960
400,395,398844
260,254,397764
428,425,397518
385,382,396603
56,54,395550
31,28,394800
395,393,394461
380,377,392865
309,307,392345
432,430,392274
478,476,388080
132,124,387258
493,6,387120
131,123,386942
384,379,384462
361,359,383755
299,296,383098
111,108,381969
279,276,381759
119,115,381735
261,255,381240
377,361,380796
379,365,380745
380,366,379440
160,158,378730
378,362,377091
232,229,376812
63,61,375136
447,445,372836
120,116,372249
327,325,372240
108,104,370800
128,123,369862
464,29,369530
482,476,366498
367,365,365944
107,103,363750
207,204,361584
94,91,361400
259,257,357294
464,28,357170
344,341,356136
382,379,355802
368,366,355514
465,29,355020
273,270,354720
483,477,354519
363,356,351975
259,255,350922
491,0,350465
336,334,350268
242,235,349980
155,153,349560
133,125,348042
401,398,347904
369,366,347163
134,126,346551
258,254,345631
3,1,345543
351,349,344442
138,135,344230
2,0,344128
479,474,343615
465,28,342660
392,349,341601
48,46,339822
257,254,338380
258,256,335016
152,150,334952
479,477,334278
266,262,333431
4,1,333333
68,66,332760
146,144,331328
363,360,331002
377,362,330993
485,482,330960
343,340,330948
392,350,328965
128,126,328944
290,288,328380
25,20,327732
78,75,327600
94,89,326799
398,396,326784
245,239,326185
391,349,325923
105,102,325888
168,166,325635
379,366,325530
244,238,324405
127,125,323604
419,417,321708
287,284,320951
223,221,319500
264,261,319443
357,352,319192
117,112,318535
52,50,317955
397,395,317952
260,258,316750
130,127,315904
391,350,313287
383,381,310989
366,361,308179
128,122,307608
335,333,306918
127,121,306516
320,317,306432
282,280,303810
382,355,302760
257,238,302425
25,23,301752
267,263,301511
151,149,300670
467,465,299057
384,382,298941
179,177,297621
428,426,296362
99,97,295988
203,201,295647
145,143,295616
247,245,292916
367,363,292320
191,189,291867
245,242,290880
131,124,290641
368,364,290400
495,492,290040
382,356,284562
238,234,283404
238,236,282688
251,238,281061
98,96,280984
381,355,280476
475,472,278748
239,235,278502
251,244,277761
237,234,275946
493,488,275044
257,250,275025
400,396,274536
176,173,274340
369,364,273460
144,142,272968
257,239,272900
256,238,272750
261,259,269250
242,240,268272
382,361,267640
307,188,266424
34,32,265146
260,255,265032
239,237,264768
243,241,264168
422,420,262673
381,356,262278
306,188,262196
133,126,262061
324,321,261434
307,189,261120
100,98,260834
132,129,260760
375,373,259912
71,69,259440
242,239,258336
383,379,258322
342,339,258000
167,165,257550
384,380,257474
94,90,257400
216,214,257298
376,374,257156
306,189,256892
88,86,255000
399,395,252180
12,9,249798
494,7,248583
143,141,246862
128,124,246743
374,372,246426
110,108,246186
127,123,245531
373,371,243612
256,239,243225
381,361,242880
382,362,242100
251,239,242088
364,361,241142
250,238,240009
87,85,239292
240,237,236400
482,477,235917
478,474,235695
123,120,235267
35,33,234758
390,388,234195
392,390,234158
488,15,233344
24,20,233337
479,475,233320
391,389,232994
291,289,232440
298,296,230794
400,398,229671
254,251,228340
389,387,227370
272,269,225822
124,122,224480
125,122,224480
123,121,224296
116,114,223750
25,21,221247
483,480,220050
366,364,219812
244,239,219296
226,224,218954
278,276,217671
381,362,217340
109,107,217086
110,103,216495
30,28,216475
365,363,216411
489,15,214720
206,204,214488
480,477,213756
488,14,213600
139,136,211750
251,245,209304
256,250,207366
250,244,206853
365,361,206338
115,113,205134
78,76,204600
127,122,204204
257,251,204117
107,104,203100
93,89,203049
366,362,202188
250,239,201036
399,397,200096
386,383,200030
495,7,198850
494,6,198399
17,14,198316
380,378,197835
272,270,197440
416,413,197105
421,419,196474
283,281,195377
379,377,195195
489,14,194976
119,116,190638
245,234,190606
217,215,189954
93,91,187650
493,489,186580
324,322,186394
396,345,184896
320,318,184704
485,480,184110
492,488,183616
227,225,181604
382,380,180894
343,341,180056
286,284,179866
31,29,178500
396,346,178488
395,345,177990
344,342,176222
138,136,175450
381,379,175054
94,92,173889
256,254,172200
395,346,171582
97,95,170980
471,468,170866
258,255,169884
137,135,168925
126,115,168590
57,55,168475
110,104,168300
484,482,167860
257,255,166320
45,42,166288
279,277,164247
485,483,163240
176,174,159720
109,103,159435
244,234,159380
245,235,158782
130,128,158336
129,127,157696
273,271,157440
299,297,152471
342,340,152160
494,9,151452
266,263,151221
495,6,148666
367,364,147360
207,205,147258
244,242,146760
49,47,146682
495,493,145680
9,6,144814
494,492,144480
245,243,144240
474,472,144072
238,235,143868
287,285,141224
125,115,140737
237,235,140082
126,116,139863
250,245,138396
130,123,137144
256,251,136458
236,234,135975
475,473,134792
459,456,133980
93,90,133650
53,51,133245
383,380,131334
131,129,131122
120,113,130329
132,130,129744
399,396,127872
244,235,127556
494,8,127323
24,21,126852
231,228,126100
495,9,125979
478,475,125400
484,480,124695
363,361,123966
77,75,123150
127,124,122412
330,327,122247
319,317,121856
485,481,120564
348,345,118371
364,362,117273
261,256,116490
175,173,114730
482,480,112230
125,116,112010
109,104,111240
416,414,109415
122,113,108810
483,481,107910
16,14,106210
341,339,105960
44,42,104956
489,486,104588
130,124,103012
431,429,102951
129,123,102536
495,8,101850
427,425,101365
386,384,101260
365,362,100347
120,114,99414
67,65,98884
385,383,98853
248,0,98820
119,113,98280
470,468,97458
492,489,95152
248,247,92910
250,249,92331
17,15,92192
158,155,89172
122,114,88200
415,413,87769
265,258,87282
121,113,86886
132,127,84893
92,89,84091
243,236,83402
495,248,81648
260,256,80982
458,456,78068
261,257,77319
140,137,75857
323,321,75174
8,6,74725
471,469,73482
382,377,72380
146,141,72080
330,328,70890
9,7,70150
129,124,68404
119,114,67365
264,258,66834
121,114,66276
230,228,65676
265,259,64494
348,346,63903
242,236,62628
243,237,61965
45,43,61408
484,481,61149
231,229,60476
271,268,59856
354,349,59126
131,127,56764
132,128,56580
459,457,55970
92,90,55350
347,345,54519
488,486,53372
253,246,53196
329,327,51408
489,487,51260
146,142,50540
382,378,48740
381,377,47620
158,156,47484
253,247,47058
410,331,46327
409,331,45453
145,141,45380
410,332,45353
409,332,44479
264,259,44046
376,371,43788
354,350,42602
260,257,41811
157,155,41724
242,237,41191
100,95,40728
252,246,40392
140,138,38378
139,137,37510
353,349,36431
252,247,34254
100,96,30780
270,268,30264
271,269,29616
376,372,29256
375,371,29244
91,89,28782
131,128,28451
5,2,26521
99,95,26316
122,119,24060
381,378,23980
145,142,23840
353,350,19907
370,367,19232
99,96,16368
375,372,14712
362,355,14148
4,2,13431
5,3,13101
122,120,12190
121,119,11880
362,356,11115
361,355,10317
370,368,9696
369,367,9544
41,38,7968
361,356,7284
40,38,5564
41,39,2408
249,248,1870
417,416,1466
176,175,1452
465,464,1452
320,319,1443
428,427,1418
429,428,1413
68,67,1410
221,220,1410
215,214,1406
432,431,1406
325,324,1401
39,38,1391
324,323,1391
330,329,1390
42,41,1389
416,415,1385
177,176,1382
297,296,1382
43,42,1381
89,88,1378
263,262,1371
277,276,1369
23,22,1364
78,77,1364
98,97,1364
422,421,1361
400,399,1359
106,105,1354
51,50,1353
65,64,1351
55,54,1350
92,91,1350
358,357,1348
457,456,1346
11,10,1343
425,424,1337
146,145,1336
354,353,1336
189,188,1327
205,204,1324
477,476,1320
158,157,1319
225,224,1319
469,468,1317
47,46,1302
50,49,1300
285,284,1294
321,320,1281
362,361,1278
168,167,1277
445,444,1271
110,109,1269
342,341,1268
259,258,1267
229,228,1263
289,288,1263
237,236,1262
269,268,1261
348,347,1253
491,490,1252
94,93,1251
95,94,1251
88,87,1250
116,115,1250
72,71,1247
481,480,1247
118,117,1246
251,250,1245
201,200,1244
241,240,1242
473,472,1242
344,343,1241
33,32,1239
382,381,1239
140,139,1238
29,28,1237
130,129,1237
15,14,1235
54,53,1235
271,270,1234
128,127,1232
255,254,1230
281,280,1230
366,365,1228
374,373,1226
7,6,1225
235,234,1225
132,131,1224
243,242,1223
3,2,1221
124,123,1220
386,385,1220
122,121,1219
1,0,1216
495,494,1214
376,375,1213
487,486,1213
126,125,1212
336,335,1212
370,369,1212
372,371,1212
138,137,1210
160,159,1210
364,363,1209
392,391,1207
493,492,1204
100,99,1202
245,244,1202
390,389,1201
380,379,1199
483,482,1199
368,367,1193
144,143,1192
152,151,1192
5,4,1191
134,133,1191
384,383,1191
120,119,1188
257,256,1188
58,57,1187
398,397,1184
378,377,1183
239,238,1182
224,223,1181
13,12,1179
311,310,1179
86,85,1173
352,351,1171
388,387,1166
485,484,1166
136,135,1165
253,252,1165
489,488,1165
231,230,1163
475,474,1162
156,155,1159
284,283,1159
402,401,1153
396,395,1152
9,8,1150
112,111,1148
21,20,1146
114,113,1146
265,264,1137
479,478,1137
186,185,1132
213,212,1131
267,266,1131
310,309,1127
468,467,1126
447,446,1123
108,107,1119
19,18,1118
169,168,1117
233,232,1113
454,453,1112
414,413,1111
27,26,1110
61,60,1107
355,354,1101
408,407,1099
338,337,1098
35,34,1097
209,208,1095
227,226,1094
64,63,1091
148,147,1085
360,359,1081
443,442,1080
455,454,1080
142,141,1078
261,260,1077
84,83,1074
69,68,1073
17,16,1072
104,103,1072
194,193,1071
150,149,1070
346,345,1069
394,393,1069
102,101,1066
406,405,1066
334,333,1062
307,306,1058
424,423,1057
412,411,1056
404,403,1050
73,72,1044
174,173,1043
217,216,1038
275,274,1037
279,278,1033
180,179,1032
439,438,1031
339,338,1022
31,30,1020
80,79,1020
420,419,1018
25,24,1016
287,286,1016
461,460,1016
296,295,1013
356,355,1012
164,163,1011
166,165,1010
328,327,1008
188,187,1005
81,80,1003
316,315,1001
182,181,999
349,348,996
471,470,993
46,45,992
451,450,989
463,462,989
211,210,985
273,272,984
332,331,975
350,349,973
199,198,972
154,153,971
449,448,970
434,433,969
195,194,966
293,292,966
459,458,965
219,218,959
75,74,956
409,408,955
197,196,952
318,317,952
359,358,949
442,441,944
37,36,941
183,182,940
435,434,940
162,161,935
60,59,933
313,312,930
204,203,919
192,191,917
220,219,913
299,298,913
274,273,912
207,206,909
472,471,903
223,222,900
291,290,894
262,261,888
301,300,886
292,291,883
340,339,883
303,302,880
171,170,879
438,437,879
467,466,877
410,409,875
305,304,873
203,202,867
208,207,867
172,171,864
437,436,860
161,160,859
306,305,850
302,301,848
304,303,847
153,152,843
38,37,831
96,95,830
76,75,821
300,299,821
82,81,817
191,190,813
314,313,812
441,440,812
45,44,808
26,25,806
464,463,799
18,17,798
436,435,794
283,282,791
59,58,786
184,183,786
254,253,785
460,459,781
198,197,777
295,294,774
317,316,772
212,211,768
12,11,766
433,432,764
196,195,756
200,199,755
453,452,753
294,293,751
141,140,748
331,330,744
74,73,736
187,186,734
103,102,730
170,169,728
450,449,722
315,314,719
32,31,711
181,180,707
234,233,706
327,326,705
462,461,704
90,89,702
193,192,701
452,451,699
276,275,694
280,279,694
163,162,692
70,69,690
490,489,687
393,392,685
440,439,683
165,164,682
288,287,682
101,100,676
403,402,665
218,217,659
179,178,657
264,263,656
308,307,655
79,78,651
113,112,650
419,418,646
495,0,637
147,146,635
149,148,635
423,422,632
228,227,627
173,172,621
63,62,617
345,344,613
444,443,612
492,491,612
62,61,608
405,404,608
41,40,602
309,308,599
357,356,597
333,332,595
252,251,590
185,184,588
411,410,588
10,9,581
83,82,581
456,455,577
107,106,576
57,56,575
53,52,567
49,48,562
322,321,561
247,246,559
312,311,558
210,209,541
36,35,535
407,406,531
326,325,528
20,19,527
246,245,524
266,265,524
448,447,507
337,336,506
268,267,498
413,412,498
418,417,498
28,27,497
377,376,496
111,110,494
119,118,492
426,425,485
480,479,481
214,213,476
135,134,462
178,177,453
105,104,427
401,400,424
240,239,423
66,65,419
6,5,405
486,485,400
22,21,389
85,84,388
476,475,388
14,13,385
71,70,376
232,231,375
387,386,371
353,352,370
395,394,369
430,429,369
125,124,367
155,154,360
133,132,359
190,189,359
222,221,355
361,360,355
351,350,354
202,201,341
466,465,341
117,116,340
371,370,337
446,445,332
159,158,313
367,366,298
24,23,297
478,477,294
56,55,293
335,334,289
2,1,283
258,257,282
151,150,281
431,430,279
397,396,276
127,126,267
48,47,261
290,289,260
167,166,255
383,382,251
260,259,250
145,144,248
282,281,247
67,66,236
52,51,235
143,142,229
238,237,224
99,98,217
242,241,216
34,33,214
375,374,212
427,426,209
97,96,206
87,86,204
373,372,201
389,388,195
109,108,194
391,390,194
421,420,193
123,122,184
216,215,183
115,114,179
365,364,179
30,29,175
399,398,169
298,297,167
226,225,166
379,378,165
206,205,162
272,271,160
278,277,159
77,76,150
381,380,146
137,136,145
343,342,142
256,255,140
484,483,140
93,92,139
286,285,139
323,322,134
129,128,128
319,318,128
244,243,120
341,340,120
494,493,120
474,473,116
236,235,111
175,174,110
131,130,106
363,362,97
482,481,90
16,15,86
385,384,83
415,414,79
44,43,76
470,469,74
8,7,61
458,457,58
230,229,52
329,328,51
347,346,51
488,487,44
91,90,41
157,156,36
139,138,31
270,269,24
4,3,11
121,120,10
369,368,8
40,39,4
